Mode 1
            -0.05792404134767566853
            -0.12599016194886267228
            -0.19604659573639651726
            -0.26162283957301529780
            -0.32240093617209375498
            -0.37178976307343652996
            -0.40789578585688462953
            -0.42774077884437916586
Mode 2
             0.17303810107892964032
             0.33306539437117615998
             0.40966385215971928835
             0.36671737539413845619
             0.20075645259398000597
            -0.03551404005650163342
            -0.27131993104558904673
            -0.41949595020291935432
Mode 3
            -0.27725036973912547955
            -0.40912615531936136204
            -0.23867270549560012927
             0.12464558050680185630
             0.40959990572521598473
             0.34461545156699641135
            -0.03968196595552330591
            -0.40288041205097940844
