Mode 1
             0.05601232895192375522
             0.12330929688006890543
             0.19453267170241470008
             0.26142227366919063014
             0.32274080640316998858
             0.37160584137656627046
             0.40734028903007141187
             0.42721733624918556416
Mode 2
            -0.16954135361932862192
            -0.32937631020803959103
            -0.41012441001413857400
            -0.36879733971961908834
            -0.20264271247767653983
             0.03268107963085745138
             0.26866165300265598681
             0.41937488432015535000
Mode 3
             0.27503444842359242584
             0.40983752515180826848
             0.24563389639787922003
            -0.11846568384395217421
            -0.40653366854818634435
            -0.34457570395734476998
             0.03509696917522039245
             0.40054385328398811605
